active 0
playing 0
playlist 0
position 49
shuffle 5,157,204,99,27,222,225,81,153,2,149,179,241,195,85,247
shuffle 124,118,72,14,47,178,104,138,96,231,140,159,106,107,6,121
shuffle 98,28,19,144,170,229,61,152,233,168,31,199,38,58,18,136
shuffle 64,36,215,100,192,243,237,189,30,55,171,25,7,15,67,194
shuffle 208,68,70,154,101,109,226,160,75,44,10,108,210,184,127,130
shuffle 23,156,115,228,161,103,46,135,120,224,105,21,122,173,1,176
shuffle 82,73,162,128,97,169,230,43,57,239,117,132,177,220,221,246
shuffle 63,93,40,158,196,111,211,24,206,181,16,155,131,242,54,12
shuffle 77,172,123,33,80,139,50,151,53,113,190,143,205,150,89,49
resume-state 1
resume-time 238792
